r2_score: 0.7238427902970995
mse_score: 0.22319956815668512
